precise_score: 0.848485
recall_score: 0.622222
accuracy_score: 0.803571
F1_score: 0.717949
roc_auc_score: 0.855721
confusion_matrix: [[62  5]
 [17 28]]
