precise_score: 0.669039
recall_score: 0.783333
accuracy_score: 0.665899
F1_score: 0.721689
roc_auc_score: 0.708183
confusion_matrix: [[101  93]
 [ 52 188]]
