precise_score: 0.706667
recall_score: 0.662500
accuracy_score: 0.660508
F1_score: 0.683871
roc_auc_score: 0.688903
confusion_matrix: [[127  66]
 [ 81 159]]
