precise_score: 0.750000
recall_score: 0.733333
accuracy_score: 0.794643
F1_score: 0.741573
roc_auc_score: 0.819569
confusion_matrix: [[56 11]
 [12 33]]
