precise_score: 0.706767
recall_score: 0.484536
accuracy_score: 0.679724
F1_score: 0.574924
roc_auc_score: 0.731787
confusion_matrix: [[201  39]
 [100  94]]
