precise_score: 0.661972
recall_score: 0.587500
accuracy_score: 0.605081
F1_score: 0.622517
roc_auc_score: 0.659672
confusion_matrix: [[121  72]
 [ 99 141]]
