precise_score: 0.742857
recall_score: 0.750000
accuracy_score: 0.743341
F1_score: 0.746411
roc_auc_score: 0.808830
confusion_matrix: [[151  54]
 [ 52 156]]
