precise_score: 0.545817
recall_score: 0.709845
accuracy_score: 0.607390
F1_score: 0.617117
roc_auc_score: 0.649741
confusion_matrix: [[126 114]
 [ 56 137]]
