precise_score: 0.682927
recall_score: 0.622222
accuracy_score: 0.729730
F1_score: 0.651163
roc_auc_score: 0.767003
confusion_matrix: [[53 13]
 [17 28]]
