precise_score: 0.592593
recall_score: 0.577320
accuracy_score: 0.633641
F1_score: 0.584856
roc_auc_score: 0.678802
confusion_matrix: [[163  77]
 [ 82 112]]
