precise_score: 0.700000
recall_score: 0.774038
accuracy_score: 0.719128
F1_score: 0.735160
roc_auc_score: 0.794547
confusion_matrix: [[136  69]
 [ 47 161]]
