precise_score: 0.993750
recall_score: 0.993750
accuracy_score: 0.990000
F1_score: 0.993750
roc_auc_score: 0.999844
confusion_matrix: [[ 39   1]
 [  1 159]]
