precise_score: 0.682731
recall_score: 0.708333
accuracy_score: 0.656682
F1_score: 0.695297
roc_auc_score: 0.702921
confusion_matrix: [[115  79]
 [ 70 170]]
