precise_score: 0.741117
recall_score: 0.701923
accuracy_score: 0.726392
F1_score: 0.720988
roc_auc_score: 0.819090
confusion_matrix: [[154  51]
 [ 62 146]]
