precise_score: 0.707424
recall_score: 0.675000
accuracy_score: 0.665127
F1_score: 0.690832
roc_auc_score: 0.697431
confusion_matrix: [[126  67]
 [ 78 162]]
