precise_score: 0.772277
recall_score: 0.757282
accuracy_score: 0.766423
F1_score: 0.764706
roc_auc_score: 0.812349
confusion_matrix: [[159  46]
 [ 50 156]]
