precise_score: 0.683128
recall_score: 0.691667
accuracy_score: 0.652074
F1_score: 0.687371
roc_auc_score: 0.696467
confusion_matrix: [[117  77]
 [ 74 166]]
